-789388031
316
302
352
346
374
328
326
260
264
250
336
208
296
360
334
248
204
384
256
344
210
376
292
370
206
330
358
310
324
378
212
380
290
356
278
392
288
364
216
214
226
300
274
230

399
336
362
390
350
318
246
230
326
342
222
236
398
348
396
364
210
272
340
254
386
242
248
260
202
332
238
374
304
344
324
258
252
334
280
290
286
298
200
378
232
220
384
288
360
294
372
264
316
310

399
210
278
302
292
310
348
228
234
332
316
220
396
312
258
394
248
366
386
288
368
354
214
270
282
272
382
252
300
330
392
344
236
380
242
304
362
264
306
314
232
202
350
320
326
308
212
294
398
298

edges - 100
res - 50
399
216
224
302
362
328
372
220
394
236
232
212
228
320

399
240
312
210
348
326
346
390
324
290
212
334
242
362
262
248
294
220
250
392
360
282
204
214
314
202
270
332
322
338
372
256
368
320
380
384
228
350
374
352
244
298

399
388
346
298
308
270
316
310
244
352
228
366
314
338
372
238
260
222
324
326
312
250
354
262
330
306
332
214
248
296

399
214
370
216
326
368
354
382
388
224
320
264
284
286
210
398
342
364
366
376
274
390
226
310
296
222
312
330
202
396
254
288
306
246
380
318
348
228
386
314
308
362
292
322
256
338
258
252
356

399
258
376
240
280
334
234
386
284
318
208
338
346
396
356
360
262
250
320
274
324
378
224
252
270
358
268
330
248
388
328
228
372
264
382
390
232
392
340
300
380
364
278
342
206
290
298
352
312
200
204
286
282
296
350
348

edges - 100
res - 56
399
242
364
200
292
262
340
298
304
280
354
350
288
244
248
268
398
318
284
290
232
366
276
328
316
222
380
352
326
218
220
300
302
384
390
230
306
258
332
344
330
208
338
266
376
214
394
374
246
388
204
342
234
348
382
240
308
356
334
320
212

edges - 100
res - 61
399
362
348
318
334
290
246
390
230
394
372
270
350
244
368
398
344
374
210
282
310
366
254
268
388
384
222
240
336
358
294
292
204
284
214
360
252
262
356
236
250
238
304
306
382
274
346
232
330
228
220
308
312
338
328
324

edges - 100
res - 56
399
372
286
232
266
294
340
350
278
336
360
256
210
288
208
218
316
228
230
334
366
344
312
398
292
332
328
214
368
380
212
308
234
290
244
298
346
322
338
262
260
310
326
204
240

399
278
276
334
292
288
368
382
238
266
234
264
372
298
308
332
360
272
330
396
380
240
232
306
350
362
390
322
384
344
202
260
398
254
320
318
356
210
328
282
364
314
204
252
378
258
256
354
242
346
206
386
248
336
230
212
370
262
342
250
310
326
324
226
294
214
358
300
394
284
280
312
216
392
218
316
374

edges - 100
res - 77
399
312
322
304
372
216
200
390
230
254
244
346
350
324
330
242
214
342
264
206
268
382
376
386
258
228
256
320
326
368
334
340
362
236
394
388
280
308
274
294
204
292
290
298
348
278
202
366
360
374
344
218
356
210
212
238
222
384
336
310
270
306
252

edges - 100
res - 63
399
372
334
314
362
330
326
348
246
360
244
284
288
228
324
398
266
396
290
310
226
338
260
354
392
304
308
366
298
346
386
364
380
216
376
264
394
344
258
276
358
214
336
312
206
302
208
220
382
270
368
384
286
278
250
296
342
218
272
322
242
340
248
212
202
294
306
318
230
320
268
292
282
254
316
222
274
232
300

edges - 100
res - 79
399
324
240
268
346
254
364
210
298
282
362
286
270
258
360
302
246
202
330
328
372
256
308
366
374
250
284
354
340
208
278
382
224
338
236
332
204
322
368
388
214
390
266
396
336
274
262
380
314
242
316
352
290
288
356
376
304
222
342
280
294
244
218
260
226
276
398
300
310
318
378
392
358
296
348
326
228

edges - 100
res - 77
399
366
396
320
318
240
294
316
288
246
312
350
342
228
358
368
218
306
212
346
260
374
292
386
224
332
388
344
284
356
244
308
274
202
310
394
222
250
206
270
216
378
276
226
296
262
390
266
238
290
376
268
340
338
258
314
360
256
278
354
384
334
204
326
364
200
230
304
280
352
322
272
382
336
302
254

edges - 100
res - 76
399
344
256
288
356
240
318
310
364
386
286
248
272
326
294
252
352
216
220
238
228
322
328
296
360
270
206
274
250
236
306
392
346
366
214
292
368
330
218

399
286
202
218
220
228
250
316
292
336
290
300
210
278
350
266
314
360
282
226
340
310
298
270
234
264
252
254
358
328
274
386
392
384
284
332
302
394

399
302
312
334
242
326
336
216
360
304
372
270
330
234
220
288
204
306
318
342
286
226
246
370
324
264
280
272
206
210
232
368
218
308
378
238
350
214
364
248
250
366
362
392
254
388
328
314
252
382
376
240
258
398

399
348
258
256
290
308
226
340
378
388
238
336
280
284
264
298
396
360
350
380
292
320
322
332
374
282
276
376
328
232
220
296
362
254
302
316
240
382
338
288
342
394
384
278
368
208

399
286
390
288
364
320
368
292
308
306
216
206
268
282
386
228
384
302
276
388
310
270
236
304
346
220
382
316
332
322
218
278
210
398
380
396
258
348
274
338
378
358
266
290
212
214
240
222
300
342
280

399
382
274
356
364
380
346
236
294
310
290
398
288
212
336
370
282
296
340
372
304
342
312
206
284
322
390
220
276
216
280
242
300
330
396
240
272
394
328
204
376
344
254
326
334
358
302
258

399
322
332
290
312
368
294
394
298
240
248
328
288
390
264
278
254
308
258
336
344
284
342
362
326
228
324
270
244

399
206
298
350
314
318
296
308
320
240
260
250
232
356
216
210
222
274
346
272
264
392
234
390
220
262
364
238
278
332
258
370
316
252
268
202
248
334
312
244
368
372
338
276
354
286
292
280
366
256
386
388
336
374
288
340

edges - 100
res - 56
399
268
290
346
380
364
386
256
302
366
210
216
388
200
212
372
344
378
228
258
320
394
310
206
274
218
296
214
280
342
252
336
340
232
300
230
288

399
202
322
386
334
262
250
218
290
310
288
210
208
398
282
320
200
264
396
254
240
286
206
272
376
312
374
378
236
274
326
336
216
246
284
330
256
252
242
204
244
342
344
362
366
308
306
304
298
382
230
350
368
384
346
354
294
358
316
268
260
388
278
314
328
226
222
276
258
224
266
234
296
360
394
270
338
356
318
280
220
292
248
332
228
340
232
324
302
364
348
214
370
392
300
390
352
238
380

edges - 100
res - 99
399
392
386
396
362
364
330
314
344
370
278
206
210
218
326
280
240
270
390
244
236
394
228
318
258

399
250
344
296
316
212
226
232
260
300
340
210
312
358
336
392
398
206
286
242
346
386
390
374
350
214
254
272
298
248
376
324
280
236
328
380
338
396
238
274
384
330
366
304
222
262
378
326
342

399
222
348
224
260
380
310
340
318
306
392
200
322
280
286
210
356
282
218
378

399
208
342
364
334
336
212
264
280
234
210
398
394
320
340
216
226
224
314
332
346
218
252
206
374
240
258
266
360
376
304
200
388
368
326
286
384
370
246
378
244

399
200
324
274
240
252
236
362
264
206
322
344
312
384
306
270
392
358
320
260
282
352
208
296
210
220
328
354
378
364
316
242
372
342
290
388
368
326
276
380
386
218
262
234
226
288
340
284
298
228

edges - 100
res - 50
399
224
382
298
314
296
310
368
276
392
290
338
226
316
200
218
258
284
250
232
374
260
254
272
388
288
384
318
270
304
346
394
220
312
390
344
274
386
332
230
210
350
370
326
242
264
206
396
202
302
246
236
216
228
266
238

edges - 100
res - 56
399
256
218
240
234
304
250
332
202
360
310
224
212
370
340
330
226
326
352
358
276
322
396
316
208
394
312
264
282
350
258
236
284
364
300
222
274
320
246
390
292
232
252
278
214
328

399
242
350
324

399
276
356
264
322
378
286
300
202
236
292
396
232
220
334
272
290
288
250
370
302
282
256
310
228
312
340
328
248
320
284
230
384
208
374
316
314
252
386
204
352
398
306
246
388
212
218
346
376
350
214
238
266
342
308
258
380
330
318
338
234
274
354
222
332
206
226
298

edges - 100
res - 68
399
382
362
328
266
398
394
286
338
230
360
396
206
204
240
226
312
288
264
334
320
314
300
348
324
302
296
234
278
344
366
336
200
202
212
228
236
304
274
330
252
332
270
280
284
208
308
310
376
258
216
378
322
316
272
386
222
380
260
238
390
244
246
358
352
354

edges - 100
res - 66
399
342
332
226
224
348
340
308
304
214
328
394
392
314
216
278
296
212
338
266
252
232
310
202
368
358
362
330
208
260
356
234
206
292
334
390
248
372
350
306
344
268
300
276
264
262
374
272
294
290
280
242

edges - 100
res - 52
399
224
204
218
352
314
266
354
286
236
220
290
342
296
356
310
222
284
294
380
292
278
362
240
234
272
338
200
246
210
230
232
244

399
388
344
326
272
348
220
356
346
224
354
290
298
362
266
340
366
370
386
390
322
252
334
206
320
270
398
302
258
246
384
364
308
244
236
282
372
380
296
396
292
360
286
330
208
200
310
304
202
254
274
382

edges - 100
res - 52
399
276
248
366
210
392
216
314
204
214
312
268
300
242
340
212
348
324
252
256
230
330
364
218
202
388
390
356
258
342
380
362
352
394
274
398
220
264
316
368
238

399
294
374
336
328
378
204
250
284
376
392
274
224
286
230
388
228
282
368
390
338
266
262
264
232
380
358
270
324
268
202
396
352
306
344
244
234
334
222
362
260
258
302
256
226
320
300
310
280
340
342
296
398
242
220
384
348
278
354
386
206
308

edges - 100
res - 62
399
274
278
252
344
256
376
342
204
360
234
308
254
286
246
218
366
200
386
260
244
228
398
354
214
374
362
388
202
294
276
364
326
324
268
330
206
348
292
352
336
382
396
300
262
258
392
264
390
310
242
370
338

399
268
270
348
314
218
346
206
290
212
300
244
340
232
272
240
334
276
302
392
372
316
254
310
390
394
286
366
356
386
282
280
332
288
370
250
292
294
338
350
378
388
284
224
256
324
380
308
374
298
306
360
326
330
320
230
358
248
242
396
228
322
342
234
344
252
364
368
382
208
236

edges - 100
res - 71
399
302
210
204
350
202
396
226
344
266
274
222
240
384
354
364
256
336
234
200
220
236
206
332
368
292
340
394
278
250
282
352
246
308
296
216
288
294
238
328
382
330
334
342
254
370
388
300
252
356
392
322
346
386
298
316
280
218
228
320
374
310
248
260
276
338
312
262
390
306
398
214
376
378
380
272
268
284
318
362
360
304
212
258
208

edges - 100
res - 85
399
266
252
390
298
312
276
308
242
232
296
358
290
286
356
202
384
372
270
300
250
330
248
226
328
362
310
214
204
398
326

399
274
218
306
232
212
296
388
318
282
266
390
382
260
344
216
292
300
270
244
230
276
332
376
310
336
278
342
322
288
320
298
352
256
396
246
312
268
372
214
286
370
356
354
378
250
362
350
258
208
346
328
222

399
344
230
360
326
246
396
324
348
282
294
270
342
316
224
320
312
276
334
292
388
350
366
296
382
390
374
302
222
268
218
272
204
250
216
370
208
298
338
352

399
354
374
362
304
340
336
294
346
316
296
238
272
266
248
256
396
236
376
270
344
268
278
310
380
300
302
358
276
314
262
322
250
356

399
378
268
320
246
348
294
204
264
234
382
336
354
318
326
266
298
330
272
250
288
254
364
280
210
252
350
292
322
232
214
380
386
366
200
290
208
300
308
242
374
228
332
356
360
306
296
340
362
304
328
212
256
324
218
270
392
238
370
396
202
338
388
352

edges - 100
res - 64
399
384
218
284
204
332
334
226
292
258
246
266

399
208
342
268
380
338
204
210
242
206
252
300
234
362
356
292
340
364
376
262
272
212
396
360
346
394
288
390
336
274
378
266
388
220
264
276
330
232
222
278
386
304
260
230
202
298
238
320
226
368
280
392
240
312
318
294
374
382
334
228
248
236
398
314
224
306
328
216
350
218
250

edges - 100
res - 71
399
242
258
240
370
268
392
210
398
314
346
306
326
354
200
304

399
304
388
290
258
268
318
250
306
320
396
338
266
358
282
236
332
274
352
234
298

399
332
200
322
238
324
270
246
312
360
304
218
326
372
352
272
280
336
362
268
340
206
330
314
384
244
318
260
358
306
376
310
298
242
344
296
368
316
234
380
252
374
292
258
356
228
274
230
308
248
278
394
222
386
214
220
286
204
294
262
342
354
328
212
382

edges - 100
res - 65
399
388
358
248
340
366
282
238
348
204
234
274
390
280
314
244
338
212
320
328
324
264
252
380
368
210
230
232
398
384
260
266
378
208
374
268
364
362
382
300
220
276
370
336
200
356
294
258
354
326
376
292
214
360
218
318
386
396
346
344
308
226
342
304
262
250
254
270
334
286
240
302
394
352
206
216
332
236
322
330

edges - 100
res - 80
399
360
278
370
364
286
326
380
240
350
322
314
382
356
238
298
282
230
222
212
200
274
348
340
334
292
224
304
372
396
268
362
386
246
226
354
368
336
228
388
204
328
270
234
254

399
260
286
360
244
324
200
336
350
208
212
250
276
374
236
366
232
294
368
322
354
312
314
356
228
326
242
388
370
272
292
306
300
320
376
398
316
256
282
288
362
348
304
240
280
344
270
252
358
238
334
318
274
302
340
224
330

edges - 100
res - 57
399
330
304
278
344
358
254
202
398
336
340
354
294
282
334
332
200
314
286
376
216
226
248
346
272
224
222
356
206
214
338
230
276
392
238
280
296
374
324
250
372
386
300
390
220
322
366
298
320
284
364
218
308
266
360
382
348
242
240
326
252
260
244
292
352
264
380

edges - 100
res - 67
399
276
394
382
370
314
364
290
216
308

399
350
206
302
276
336
266
232
260
230
330
274
298
320
362
300
288
282
398
270
252
314
338
246
388
354
342
216
304
222
284
392
316
352
326
322
386
308
234
238
280
396
236
254
296
346
356
256
340
394
292
278
328
210
290
306
204
200
242
244
310
344
366
390
272
372
220
360
224
294
380
368
324
264
218
286
228
212

edges - 100
res - 78
399
206
282
306
244
302
272
288
366
396
230
336
324
370
356
292
266
220
286
364
280
222
204
298
354
398
310
394
252
300
368
276
256
320
378
242
350
218
224
262
322
316
232
248
258
386
264
388
202
360
296
352
344
246
392
304
380
348
362
208
346
334
382
330
328
338
340
374
290
214
384
372
212
254
238
226
376
308
342
274
228
326
234
284
358
200
216
250
312
314
270
236
390
260
332
278
268
210

edges - 100
res - 98
399
304
230
260
272
240
332
368
346
374
212
258
318
366
376
314
328
326
238
200
396
266
338
264
210
316
282
216
322
382
384
270
356
302
232
274
398
354
350
358
342
330
320
246
392
390
242
208
224
386
284
218
360
248
394
312
362
336
226
352
276
206
256
290
250
252
204
220
308
262
234
214
288
202
306
378
236
380
364
228
348
292
254
372
244
268
310
344
286

edges - 100
res - 89
399
350
256
246
220
294
348
312
206
278
398
338
268
346
300
310
354
284
384
296
262
276
252
254
302
298
226
356
248
242
266
230
204
396
306
316
264
320
270
208
274
304
336
340
250
372
378
324

edges - 100
res - 48
399
356
272
354
360
268
364
380
238
388
250
290
398
228
294
302
270
358
318
284
232
276

399
234
262
274
264
388
224
220
282
284
330
248
368
236
218
260
338
350
258
242
320
334
204
366
318
266
352
216
302
214
394
202
290
206
278
396
254
246
268
232
280
244
212
286
310
230
354
360

399
250
326
354
232
226
312
382
294
210
350
328
248
372
218
216
334
246
208
352
234
318
340
374
252
230
276
390
344
220
282
280
298
262
244
310
212
358
288
200
392
306
342
314
378
336
330
256
388
360
290
368
254
384
302
308
284
356
348
260
322
292
278
268
380
370
258
304
286
362
364
236
204
272

edges - 100
res - 74
399
206
242
326
266
224
384
274
310
336
346
350
270
246
216
356
232
374
322
330
314
308
282
388
202
344
392
378
380
214
334
290
360
366
260
200
386
288
342
256
262
316
368
340
254
252
390
358
218
354
396
300
292
234
332
296
376
204
236
394
338
280
352
372
398
248
362
286
320
226
306
294
268
324
228
318
298
230

edges - 100
res - 78
399
322
384
278
212

399
200
320
296
274
292
246
372
288
390
392
224
364
228
366
278
318
214
376
314
310
316
324
232
206
306
348
330
354
212
222
298
240
252
380
356
260
250
338
368
268
220
382
234
308
210
216
336
270
304
396
254
294

edges - 100
res - 53
399
352
342
292
306
394
336
276
366
260
364
348
294
376
262
266

399
344
218
258
248
272
254
208
288
350
206
262
240
238
318
286
236
226
384
372
352
336
274
204
230
250
298
246
392
346
302
338
358
360
200
224
388
276
214
332
234
242
382
268
374
228
222
290
294
396
260
284
362
310
312
292
380
324
354
270
370
280
308
376
340
296
202
212
216
342
256
266
314
394
210
398
390
282
378
366
386
316
348
330
320
326
252
322
306
300
364
368
356
232

edges - 100
res - 94
399
216
322
388
272
236
314
306
324
336
240
338
302
300
282
374
232
274
390
252
290
256
386
212
316
348
330
268
248
254
362
224
276
234
318
360
220
242
310
320
368
334
354
340
250
382
288
312
262
366
258
292
280
270
344
244
308
228
372
284

edges - 100
res - 60
399
250
260
236
320
204
380
270
392
328
302
354
288
348
280
210
200
214
286
244
384
334
202
228
292
382
340
342
242
376
262
352
248
350
344
258
240
388
322
330
314
394
366
276
332
212
370
238
316
206
364
254
222
300
220
372

edges - 100
res - 56
399
320
298
382
278
314
318
388

399
228
286
250
236
346
394
378
246
320
248
290
342
316
366
392
308
372
294
296
210
380
374
230
382
218
354
238
204
388
288
350
370
300
206
324
254
240
260
234
348
282
232
298
322
278
398
386
242
252
280
306
244
362
276
304
360
396
256
336
224
326
208
200
264
266
216
310
318
258
202
328
332
302
214
368
212
292

edges - 100
res - 78
399
380
236
326
222
390
382
368
318
230
204
322
306
340
346
342
260
270
274
282
386
218
232
314
320
200
248
284
234
266
202
366
208
288
238
332
360
298
262
372
264
240
300
358
280
364
374
220
252
370
214
268
350
344
330
272
256
308
216
278
242
394
290
206
316
244
258
376
226
396
352
294
304
336
348
246
362
292
228
356
254
334
286
384
210
310
328
224
392
312
276
338

edges - 100
res - 92
399
288
306
208
228
240
340
326
258
328
262
236
204
286
356
256
374
312
396
370
296
224
284
354
338
222
316
252
292
308
358
302
344
368
266
272
336
206
380
362
300
378
376
360
260
332
244
372
226
304
390
346
294
220
264
348
270
330
282
232
314
210
298
216
278
214
250
242
234

edges - 100
res - 69
399
302
298
310
336
320
210
348
322
240
258
292
274
268
372
238
388
222
228
370
326
272
224
264
204
212
378
220
202
308
218
364
324
334
312
350
374
376
366
398
296

399
302
380
344
326
200
252
338
324
256
358
392
286
292
304
236
370
378
240
238
232
216
278
284
246
322
244
342
290
314
348
270
260
276
318
298
272
262
204
382
386
214
364
266
352
336
268
242
218
258
384
220
366
202
206
354
320
222
248
374
368
332
294
274
350
312
310
328
264
356
330
230
372
398
282
396
300
360
388
288
228
224
308

edges - 100
res - 83
399
356
348
244
306
270
362
346
388
226
202
340
304
334
206
352
366
336
262
290
210
232
220
330
254
354
368
378
272
292
228
240
276
386
310
238
294
394
260
208
200
322
344
236
380
342
266
382
318
384
350
212
298
312
204
216
314

edges - 100
res - 57
399
352
294
326
242
386
366
360
274
222
392
298
280
206
234
296
306
250
204
220
268
264
302
248
330
362
218
350
244
310
292
334
278
358
314
284
364
216
240
322
368
208
276
308
380
390
376
228
214
282
290
328
286
374
338
356
382
230
394
300
346
212
312
200
224
252
236
256
344
262
266
272
260
316
388
348
288
336
396

edges - 100
res - 79
399
264
220
230
344
292
316
226
266
346
298
232
366
358
326
228
340
364
216
278
222
270
262
318
356
370
256
342
282
320
268
218
360
334
290
384
362
352
250
288
380
294
254
300
276
200
260
202
386
372
390
204
382
208
214
206
224
310
336
330
240
322
324
234
338
332
242
304
398
274
354
314
350
296
252
388
280
238
244
286
374

edges - 100
res - 81
399
298
264
286
302
348
334
244
332
372
232
266
320
382
238
368
376
350
308
322
270
310
316
318
358
258
330
256
260
342
252
200
394
386
230
384
268
336
236
312
304
212
206
226
210
390
340
364
250

399
258
378
240
346
246
280
382
262
288
298
230
206
336
236
296
284
368
306
358
350
366
312
292
216
392
314
328
334
372
210
278
222
256
204
318
352
302
254
342
290
226
362
228
320
394
338
276
354
268
308
344
388
386
348
274
370
224
264
220
384
380
208
202
376
332
390
282
248
272
250

edges - 100
res - 71
399
274
326
362
212
386
364
290
332
276
246
336
238
374
216
306
240
202
232
334
314
302
222
396
350
294
352
324
226
356
292
368
256
258
388
208
230
278
286
296
288
260
330
338
244
264

399
262
200
210
352
226
270
222
224
342
278
282
304
370
218
206
264
202
344
228
236
366
384
300
232
328
386
294
330
260
274
374
388
216
252
242
310
280
358
306
298
398

399
208
348
394
360
314
268
334
302
284
290
278
212
218
256
250
292
234
372
274
362
352
254
364
266
272
258
276
222
252
236
336
320
238
308
270
316
322
392
298
282
242
398
380
342
346
204
202
378
232
200
388
288
310
280
338
396
244
326
382
296
324
260
300
306
206
248
354
386
328
376
330
356
358
226
216
368
228
340
294
390
332
370
350
246
366
210
262
220
384
230
264
318
224
214

edges - 100
res - 95
399
226
268
340
320
232
330
230
388
354
372
356
298
292
206
326
234
392
258
216
240
374
284
398
328
396
220
200
208
312
254
252
344
384
282
332
338
394
236
250
286
302

399
290

399
218
238
340
386
248
368
298
302
324
244
390
206
280
232
366
274
270
216
380
242
278
308
224
398
264
222
320
266
360
348
252
312
316
352
318
300
314
240
356
246
322
230
260
346
362
234
284
268
258
288
378
330
214
388
210
350
250
306
202
328
262
292
286
212
256
384
254
220
382
296
374

edges - 100
res - 72
399
264
284
226
230
366
278
256
260
270
268
376
266
362
320
250
340
288
354
248
374
246
346
358
306
348
324
334
294
380
220
286
384
224
206
338
364
292
212
244
262
332
314
342
368
308
372
258
330
232
300
240
222
238
202
344
390
370
386
204
280
254
310
276
272
328
388
318
398
336
392
242
396
322
378
214
234
302
218
304
208
290
316
236
394
352
200
382
296
282
350
312

edges - 100
res - 92
399
204
306
362
286
388
224
326
290
346
398
394
284
352
266
264
252
248
360
348
242
390
212
232
324
318

399
384
216
208
314
246
300
304
298
286
354
364
352
312
316
260
370
264
284
380
200
350
306
308
374
338
328
358
258
242
376
210
342
280
212
344
248
270
372
232
346
326
336
254
238
296
266
288
368
292
302
322
294
220
230
334
250
222

edges - 100
res - 58
399
230
272
382
276
242
348
364
296
220
360
398
342
266
372
308
224
278
350
290
252
324
280
386
212
310
320
388
396
250
326
270
330
228
316
304
258
374
202
336
264
318
260
346
340
366
358
356
286
354
378
288
362
274
254
298
262
392
232
312
384
292
394
244
246
334
302
332
380
370
390
236
200
322
218
294
368
300
214
376
306
206
284
204
240
216
226
256
208
314
248

edges - 100
res - 91
399
246
294
244
346
200
358
240
262
270
360
386
298
238
216
398
392
364
396
338
330
232
344
228
264
208
382
320
340
366
390
384
258
220
322
222
324
352
230
224
290
292
348
274
234
242
394
226
272
280
312
370
296
286
214
282
278
378
204
368
342
210
310
202
306
336
288
236
328
218
374
254
388
314
354
266
212
326
248
256
252
316
372
380
356
276
376
350
302
304
250
318

edges - 100
res - 92
399
398
294
342
280
230
352
378
344
394
276
218
270
326
272
366
390
274
248
308
340
242
244
334
348
328
346
336
376
330
212
214
226
288
232
298
320
306
368
296
240
380
202
208
282

399
316
296
346
330
310
372
322
344

399
354
344
338
250
388
378
346
340
262
282
246
336
264
390
200
382
292
284
208
310

399
222
236
358
366
212
304
320
260
242
276
248
220
326
292
282
208
340
324
376
234
374
378
216
370
328
384
336
344
202
360
284
230
200
368
256
362
306
274
350
252
334
296
300
330
280
372
316
266
318
206
226
322
262
258
224
210
286
238
364
244
268
240
392
394

edges - 100
res - 65
399
216
388
202
310
354
306
272
378
316
264
382
380
302
340
228
372
338
336
234
368
286
206
326
362
352
224
260
334
386
322
280
288
394
312
318
376
204
396
384
248
226
356
282
236
208
350
314
296
348
342
298
270
330
308
242
328
210
374
364
370
390
294
276
244
304
246
230
240
222
346
320
284
254
232
252
358
266
256
398
258

edges - 100
res - 81
399
326
260
264
356
276
288
342
322
396
384
298
208
376
210
242
370
354
296
340
332
382
236
390
380
282
240
246
270
316
348
398
300
328
308
304
266
286
324
244
248
374
352
284
272
302
388
254
224
274
372
204
310
200
358
362
234
278
250
334
230
218
268
364
222
212
294
318
330
350
314
290
360
226
238
378
214
262

edges - 100
res - 78
Minimum count of edges which failed to embed - 1
time spent - 0.020000
