110
40
6 1 4 -1
25 13 3 -1
4 1 -1
5 4 -1
13 2 6 -1
37 19 12 27 18 10 8 33 -1
16 15 14 -1
22 9 14 5 10 3 -1
27 15 1 18 -1
8 4 -1
9 3 -1
7 4 -1
26 7 9 -1
21 16 14 2 6 20 -1
11 5 -1
14 3 7 0 -1
17 6 -1
20 1 17 -1
10 6 -1
24 5 4 12 13 -1
12 8 -1
35 11 25 13 26 -1
32 17 20 15 14 29 23 -1
33 23 19 24 5 1 -1
30 29 20 11 23 13 -1
31 3 2 23 10 17 -1
18 0 15 9 5 17 3 -1
19 5 8 1 -1
36 26 30 14 21 -1
29 7 0 24 5 -1
28 14 24 16 13 19 -1
38 34 11 -1
39 2 30 23 8 9 -1
15 1 0 -1
23 13 6 9 -1
34 26 19 3 -1
-2
40
