100
70
51 34 17 59 -1
36 45 -1
35 57 -1
34 41 25 61 55 -1
19 50 57 26 -1
18 59 68 -1
57 54 -1
30 57 26 -1
15 54 -1
14 12 21 -1
17 12 -1
44 31 -1
11 69 59 -1
10 51 -1
13 59 -1
52 8 -1
33 3 55 -1
59 27 42 -1
54 2 69 -1
55 47 2 12 -1
56 50 19 46 28 -1
68 17 45 -1
69 52 35 22 -1
37 43 6 -1
48 59 62 -1
58 15 -1
60 36 13 50 -1
61 21 -1
62 1 22 -1
63 51 68 32 33 -1
64 8 -1
65 2 44 -1
66 17 -1
41 12 -1
24 29 13 56 -1
25 45 54 33 -1
20 22 -1
22 0 37 -1
23 8 -1
49 11 -1
29 17 -1
46 3 -1
8 28 -1
39 5 8 68 -1
5 46 -1
4 54 -1
7 18 -1
6 53 -1
1 44 10 64 -1
0 44 -1
3 17 -1
2 37 60 28 22 -1
43 62 -1
40 65 2 -1
67 68 33 -1
-2
67
