100
50
47 43 1 36 32 17 -1
19 14 13 15 -1
30 17 19 -1
31 2 1 12 28 29 -1
29 13 -1
37 33 34 23 -1
34 20 30 18 12 -1
46 45 17 -1
25 8 1 3 -1
24 9 -1
27 3 21 -1
26 4 20 -1
33 25 29 22 -1
45 18 -1
40 28 23 26 11 9 7 -1
48 8 16 29 40 19 13 37 -1
44 11 16 -1
23 22 1 -1
49 22 26 -1
21 8 10 1 -1
36 21 12 5 -1
18 12 -1
17 7 -1
42 10 36 3 -1
15 1 -1
41 25 33 7 29 -1
39 23 8 -1
35 5 9 13 -1
28 11 7 -1
14 9 -1
22 18 12 10 -1
43 28 41 27 8 33 -1
32 15 31 -1
11 3 -1
1 0 -1
38 0 24 1 18 -1
16 6 2 -1
7 1 5 -1
-2
50
