500
500
216 255 -1
217 126 367 -1
66 232 285 426 -1
215 456 -1
212 238 -1
213 40 166 -1
211 154 257 -1
452 120 -1
214 59 81 -1
218 343 -1
219 295 52 -1
91 187 265 -1
16 140 -1
130 62 66 -1
499 355 482 -1
134 90 -1
494 420 7 489 -1
495 329 -1
496 64 -1
497 172 299 -1
490 442 -1
491 92 -1
492 247 -1
493 243 -1
24 71 11 359 74 -1
25 497 -1
26 114 341 64 120 497 -1
92 496 313 -1
22 195 -1
23 199 44 75 -1
28 225 -1
29 225 -1
222 286 287 66 -1
407 218 -1
0 330 119 -1
346 472 -1
404 477 -1
403 190 -1
341 238 209 -1
342 177 263 -1
400 188 59 -1
326 350 -1
64 430 218 467 -1
282 489 -1
443 348 -1
349 176 -1
287 276 416 235 -1
87 492 -1
288 99 -1
356 323 4 -1
71 439 -1
263 270 -1
262 126 -1
260 259 -1
389 3 -1
125 68 -1
265 288 244 -1
127 333 -1
128 391 -1
2 269 409 -1
269 446 -1
268 391 71 -1
69 314 -1
348 143 -1
58 211 -1
132 27 496 -1
55 389 405 -1
56 311 230 -1
51 295 -1
50 142 -1
52 169 239 160 196 -1
379 258 -1
378 299 111 -1
416 353 166 27 204 173 201 -1
63 380 284 -1
427 65 -1
412 128 272 78 -1
299 286 250 321 -1
371 26 -1
370 308 181 -1
294 225 0 -1
426 363 -1
375 499 367 -1
419 208 -1
290 289 -1
136 10 268 -1
146 214 -1
319 81 -1
318 113 -1
199 386 -1
68 142 -1
195 175 -1
312 19 127 -1
311 419 -1
196 254 -1
316 180 -1
193 160 238 -1
393 316 46 163 -1
271 92 -1
391 244 -1
273 170 -1
274 9 -1
396 325 62 219 -1
113 268 -1
394 457 -1
278 490 392 -1
83 445 -1
399 465 -1
81 212 -1
86 341 73 -1
118 114 220 349 -1
84 271 497 -1
414 206 -1
415 246 -1
344 462 -1
4 391 -1
172 389 -1
429 236 54 153 -1
428 184 41 -1
3 198 -1
417 236 -1
129 19 -1
171 398 -1
369 498 348 -1
421 66 388 -1
423 270 105 -1
365 95 -1
425 499 166 -1
424 296 334 210 -1
360 375 167 383 440 -1
411 9 -1
308 145 71 -1
309 318 -1
449 76 -1
448 140 -1
298 9 344 -1
300 72 358 -1
304 202 -1
27 201 213 -1
440 296 -1
447 234 326 365 -1
446 388 -1
306 459 -1
34 14 -1
380 304 185 280 -1
296 459 -1
383 56 452 292 -1
384 415 -1
240 399 137 -1
386 6 294 -1
242 64 -1
102 172 223 -1
103 327 -1
167 323 -1
444 339 102 -1
106 328 376 -1
107 115 2 -1
104 200 265 294 -1
105 340 -1
39 493 -1
244 341 -1
33 314 -1
418 290 258 -1
35 11 394 -1
293 219 385 -1
445 247 -1
438 458 -1
439 216 -1
241 306 -1
8 287 -1
291 84 462 438 -1
432 348 -1
194 387 -1
431 336 -1
458 487 -1
339 221 -1
338 459 315 -1
334 155 -1
337 177 -1
336 28 -1
454 486 94 -1
330 191 -1
456 429 -1
457 245 474 -1
60 137 91 -1
388 431 -1
258 56 51 452 -1
259 430 474 281 -1
97 342 -1
65 277 349 141 -1
117 390 -1
178 232 -1
252 463 -1
253 496 -1
174 449 -1
256 418 -1
257 438 -1
254 443 -1
170 470 -1
203 327 -1
289 476 24 194 -1
484 371 -1
162 249 -1
406 332 490 365 467 -1
248 347 -1
182 499 228 -1
183 29 -1
180 32 95 243 -1
181 341 146 -1
186 54 148 421 -1
184 380 -1
185 220 231 -1
188 258 -1
402 199 -1
310 236 -1
469 198 335 -1
401 33 -1
465 188 323 -1
100 241 -1
467 0 -1
466 281 83 -1
463 303 -1
462 480 -1
168 430 -1
169 42 67 108 -1
228 250 260 -1
227 414 -1
226 421 88 -1
225 384 -1
224 35 384 302 227 -1
223 7 -1
94 227 207 -1
221 87 220 -1
220 273 -1
11 344 244 -1
10 118 490 -1
13 129 -1
12 394 -1
392 496 205 -1
19 257 136 -1
18 479 -1
272 26 -1
284 133 -1
116 431 -1
397 71 242 322 -1
275 72 366 -1
151 134 485 181 -1
152 352 -1
155 274 -1
157 295 452 -1
62 63 323 -1
112 296 -1
315 362 -1
366 70 -1
239 362 342 -1
234 377 98 -1
236 420 -1
237 9 -1
230 344 -1
231 497 222 -1
232 138 94 296 -1
280 410 -1
49 115 -1
46 116 -1
47 161 5 -1
44 50 -1
352 45 -1
42 151 412 143 -1
470 290 -1
41 46 -1
322 396 -1
323 432 -1
320 165 -1
5 205 294 -1
327 228 302 -1
324 53 -1
325 247 -1
328 346 432 360 -1
329 435 -1
374 213 -1
201 424 258 -1
144 336 90 460 -1
142 300 -1
204 27 -1
207 293 18 64 390 159 -1
177 111 -1
209 404 -1
350 213 132 -1
148 319 -1
149 179 268 -1
255 135 -1
75 261 -1
74 386 -1
73 371 101 -1
72 123 143 -1
489 107 -1
437 386 -1
487 59 -1
485 341 422 -1
96 115 -1
483 315 16 -1
482 435 -1
79 485 370 -1
101 88 -1
435 355 -1
80 184 242 -1
451 25 242 62 -1
119 380 -1
357 366 134 85 -1
473 376 -1
345 464 -1
354 407 -1
353 238 -1
477 350 484 -1
475 370 -1
67 126 216 -1
359 423 -1
266 141 -1
-2
430
