100 
49
42 19 -1
22 48 49 -1
43 22 9 7 -1
24 34 10 -1
25 47 43 44 14 -1
26 25 16 36 27 29 -1
27 36 9 -1
20 34 2 13 -1
21 31 5 36 7 -1
48 24 15 -1
49 5 36 39 -1
47 3 1 27 40 0 -1
45 16 40 9 23 -1
28 40 0 -1
29 11 46 23 -1
40 44 24 -1
41 37 46 24 -1
1 2 -1
0 41 -1
3 17 25 18 -1
4 46 18 -1
7 20 -1
6 5 -1
9 28 36 -1
8 32 23 -1
11 34 12 35 40 -1
10 7 2 -1
13 43 5 9 15 -1
38 19 -1
15 37 9 -1
14 19 0 12 -1
17 10 6 -1
16 22 0 3 -1
33 19 35 9 -1
18 5 -1
31 41 -1
23 15 -1
37 47 13 -1
36 13 14 34 33 -1
35 9 4 25 -1
34 15 -1
32 23 -1
