520
40
20 11 23 16 31 9 36 26 13 6 15 14 24 35 25 33 39 38 18 -1
25 39 13 27 19 29 12 9 31 15 36 26 -1
39 13 10 24 11 22 37 28 26 35 34 19 -1
38 1 14 18 10 9 11 25 39 13 32 19 24 16 26 15 6 29 -1
28 11 2 14 8 35 34 38 27 17 29 13 20 24 25 37 30 -1
29 2 19 33 8 35 24 39 34 32 16 22 30 -1
26 30 1 33 18 4 28 5 12 31 34 27 15 24 23 14 29 11 36 -1
27 2 7 39 9 18 20 12 30 35 19 23 14 0 21 38 -1
24 34 27 10 14 37 35 21 6 15 22 7 18 32 4 17 8 23 36 5 31 33 12 -1
36 18 13 10 30 28 5 39 12 32 29 27 31 -1
31 12 32 21 35 27 23 28 18 9 14 34 29 33 11 -1
23 12 13 0 6 39 7 28 36 25 14 21 32 37 -1
33 7 6 13 23 36 5 39 15 25 27 35 28 30 32 34 12 16 11 -1
21 11 36 22 29 16 0 13 39 37 32 20 6 28 26 -1
7 8 34 4 25 14 18 13 37 15 19 28 -1
22 23 32 0 28 36 30 5 38 31 26 14 35 33 20 27 25 12 -1
5 14 18 35 20 0 32 25 21 10 8 7 -1
4 17 38 25 28 -1
2 30 15 31 14 25 -1
1 37 20 -1
0 1 2 35 37 7 12 34 39 32 29 30 18 -1
30 17 24 3 12 13 19 16 20 23 25 31 37 39 8 38 14 10 21 35 -1
32 6 27 20 26 12 18 25 16 15 30 10 28 35 37 34 -1
6 9 0 39 29 22 17 -1
9 32 29 30 11 12 4 23 15 -1
8 32 4 36 38 33 37 26 31 -1
10 13 33 16 34 28 11 7 20 26 35 22 29 25 19 37 31 -1
17 21 16 20 11 22 32 33 8 25 23 39 27 26 29 38 31 18 -1
16 36 19 34 25 37 35 24 26 9 14 12 4 27 6 31 22 28 39 -1
15 12 4 19 27 30 28 31 39 6 16 14 11 37 29 22 36 17 13 21 -1
14 33 39 11 21 32 0 13 17 19 10 18 29 25 37 36 35 -1
13 17 24 27 22 31 16 35 34 29 32 26 19 -1
12 38 21 17 20 14 39 11 29 13 10 19 28 37 -1
11 23 4 13 22 35 30 36 16 32 24 6 34 29 19 -1
34 22 36 20 21 23 12 35 17 19 15 14 9 38 5 30 27 -1
35 15 23 12 38 26 25 18 36 -1
37 38 6 26 9 31 27 17 35 22 18 36 25 33 34 11 -1
19 28 26 8 33 21 17 20 37 36 35 24 23 22 -1
18 13 21 22 15 11 23 12 29 33 34 10 16 19 30 -1
-2
40
